1	1	1	0.999531	0.00429016	0.00476005	0.00522995	0.0251228	0.513193	0.543662	0.58216	0.482135	0.505634	0.46385	0.485446	0.70892	0.703286	0.626291	0.638028	0.504695	0.50939	0.594836	0.619249	0.628169	0.646009	0.676526	0.675587	0.665258	0.641784	0.453052	0.501408	0.775117	0.776056	0.868075	0.847887	0.812676	0.821127	0.587431	0.587901	0.587793	0.587901	0.586961	0.587324	0.469484	0.485446	0.509898	0.465258	0.530047	0.530047
1	1	1	0.999531	0.00429016	0.00476005	0.00522995	0.0251228	0.513193	0.543662	0.58216	0.482135	0.505634	0.46385	0.485446	0.70892	0.703286	0.626291	0.638028	0.504695	0.50939	0.594836	0.619249	0.628169	0.646009	0.676526	0.675587	0.665258	0.641784	0.453052	0.501408	0.775117	0.776056	0.868075	0.847887	0.812676	0.821127	0.587431	0.587901	0.587793	0.587901	0.586961	0.587324	0.469484	0.485446	0.509898	0.465258	0.530047	0.530047
1	1	1	0.999531	0.00429016	0.00476005	0.00522995	0.0251228	0.513193	0.543662	0.58216	0.482135	0.505634	0.46385	0.485446	0.70892	0.703286	0.626291	0.638028	0.504695	0.50939	0.594836	0.619249	0.628169	0.646009	0.676526	0.675587	0.665258	0.641784	0.453052	0.501408	0.775117	0.776056	0.868075	0.847887	0.812676	0.821127	0.587431	0.587901	0.587793	0.587901	0.586961	0.587324	0.469484	0.485446	0.509898	0.465258	0.530047	0.530047
0.999531	0.999531	0.999531	1	0.00476005	0.00522995	0.00569985	0.0255926	0.513663	0.544131	0.582629	0.482606	0.506103	0.464319	0.485915	0.70939	0.703756	0.626761	0.637559	0.505164	0.509859	0.594366	0.618779	0.6277	0.64554	0.676056	0.675117	0.664789	0.641315	0.453521	0.501878	0.774648	0.775587	0.867606	0.848357	0.813146	0.821596	0.586961	0.587431	0.587324	0.587431	0.586491	0.586854	0.469953	0.485915	0.509428	0.464788	0.529577	0.530516
0.00429016	0.00429016	0.00429016	0.00476005	1	0.997651	0.99812	0.978839	0.491602	0.461029	0.422498	0.52271	0.499091	0.540442	0.518826	0.295156	0.300795	0.378327	0.36658	0.500031	0.495332	0.409341	0.384906	0.375978	0.357652	0.327109	0.328518	0.338856	0.362351	0.551249	0.50285	0.22937	0.228431	0.136331	0.156067	0.190839	0.181911	0.416859	0.416389	0.415919	0.416389	0.417329	0.416389	0.534803	0.519296	0.494392	0.539032	0.474656	0.473716
0.00476005	0.00476005	0.00476005	0.00522995	0.997651	1	0.996711	0.97978	0.492072	0.461499	0.422028	0.523182	0.499561	0.540912	0.519296	0.295626	0.301264	0.378797	0.36705	0.5005	0.495801	0.40981	0.385376	0.376448	0.358122	0.327579	0.328988	0.339326	0.362821	0.550779	0.50238	0.22984	0.2289	0.135861	0.156536	0.192249	0.183321	0.417329	0.416859	0.416389	0.416859	0.417799	0.416859	0.535273	0.519766	0.493922	0.539502	0.475126	0.475126
0.00522995	0.00522995	0.00522995	0.00569985	0.99812	0.996711	1	0.978839	0.492542	0.461029	0.421558	0.52271	0.500031	0.541381	0.519766	0.296096	0.301734	0.378327	0.36658	0.50097	0.496271	0.41028	0.385846	0.376918	0.358592	0.328049	0.329458	0.339796	0.363291	0.552189	0.50379	0.23031	0.22937	0.137271	0.157006	0.191779	0.182851	0.417799	0.417329	0.416859	0.417329	0.418269	0.417329	0.535743	0.520236	0.494392	0.539032	0.475596	0.474656
0.0251228	0.0251228	0.0251228	0.0255926	0.978839	0.97978	0.978839	1	0.512374	0.470512	0.426349	0.536462	0.512796	0.557899	0.537227	0.315942	0.321579	0.39769	0.382186	0.519844	0.515145	0.426819	0.404268	0.393462	0.370911	0.340372	0.34695	0.353527	0.378898	0.566356	0.519374	0.245469	0.243589	0.154323	0.176405	0.210702	0.202245	0.430547	0.430077	0.430108	0.431018	0.431018	0.431517	0.552261	0.536287	0.49732	0.547635	0.491185	0.492594
0.513193	0.513193	0.513193	0.513663	0.491602	0.492072	0.492542	0.512374	1	0.685173	0.511314	0.840591	0.819092	0.78338	0.752838	0.7425	0.7425	0.796537	0.56911	0.947372	0.938444	0.821912	0.820972	0.687993	0.621268	0.555954	0.61516	0.580388	0.705379	0.927167	0.928107	0.517422	0.513663	0.514603	0.61469	0.624088	0.616099	0.513706	0.514176	0.514133	0.514176	0.513236	0.513663	0.91213	0.901323	0.556504	0.630341	0.661209	0.78526
0.543662	0.543662	0.543662	0.544131	0.461029	0.461499	0.461029	0.470512	0.685173	1	0.826291	0.693239	0.713146	0.655399	0.639437	0.660094	0.655399	0.719249	0.605164	0.67277	0.67277	0.584507	0.573239	0.483568	0.455399	0.40892	0.459624	0.423944	0.491549	0.653052	0.634742	0.494366	0.492488	0.54507	0.535211	0.50939	0.511268	0.642879	0.643349	0.643192	0.642409	0.643349	0.641784	0.65446	0.649765	0.388665	0.41075	0.566667	0.599531
0.58216	0.58216	0.58216	0.582629	0.422498	0.422028	0.421558	0.426349	0.511314	0.826291	1	0.532084	0.544131	0.566197	0.556808	0.565258	0.565258	0.629108	0.5723	0.510329	0.512207	0.440845	0.430516	0.399061	0.396244	0.398592	0.435211	0.400469	0.403286	0.499061	0.469484	0.528169	0.526291	0.569484	0.530516	0.498122	0.5	0.686109	0.686579	0.686385	0.68564	0.686579	0.684977	0.498592	0.493897	0.302204	0.282939	0.508451	0.495305
0.482135	0.482135	0.482135	0.482606	0.52271	0.523182	0.52271	0.536462	0.840591	0.693239	0.532084	1	0.876542	0.673919	0.651772	0.696538	0.697009	0.749314	0.60041	0.825179	0.815284	0.706433	0.693239	0.574022	0.519832	0.458103	0.508994	0.478365	0.591928	0.806802	0.803032	0.471297	0.469412	0.487318	0.538209	0.541037	0.538209	0.517522	0.517994	0.517005	0.51705	0.517994	0.516534	0.784655	0.777587	0.541104	0.595813	0.639992	0.749314
0.505634	0.505634	0.505634	0.506103	0.499091	0.499561	0.500031	0.512796	0.819092	0.713146	0.544131	0.876542	1	0.655869	0.641784	0.716901	0.711268	0.756338	0.61784	0.81784	0.812207	0.688263	0.675117	0.559155	0.504695	0.441315	0.495775	0.467606	0.578404	0.783099	0.779812	0.461972	0.461033	0.50892	0.539437	0.519249	0.522066	0.542791	0.542321	0.543192	0.542321	0.542321	0.541784	0.773239	0.774178	0.519766	0.567226	0.631925	0.738028
0.46385	0.46385	0.46385	0.464319	0.540442	0.540912	0.541381	0.557899	0.78338	0.655399	0.566197	0.673919	0.655869	1	0.920188	0.638498	0.643192	0.661972	0.565728	0.761033	0.757277	0.674648	0.669014	0.577465	0.532394	0.495305	0.531925	0.512207	0.592019	0.738498	0.733333	0.428638	0.429577	0.416432	0.487324	0.530047	0.534742	0.556888	0.557358	0.557746	0.557358	0.556418	0.557277	0.735211	0.732394	0.489693	0.54843	0.647418	0.687793
0.485446	0.485446	0.485446	0.485915	0.518826	0.519296	0.519766	0.537227	0.752838	0.639437	0.556808	0.651772	0.641784	0.920188	1	0.652582	0.662911	0.633803	0.5723	0.739437	0.741315	0.665258	0.649296	0.569953	0.529577	0.500939	0.540376	0.510329	0.583568	0.704695	0.701408	0.425822	0.426761	0.432394	0.492019	0.532864	0.542254	0.551249	0.550779	0.551174	0.551719	0.550779	0.551643	0.707042	0.709859	0.50097	0.542791	0.650235	0.683099
0.70892	0.70892	0.70892	0.70939	0.295156	0.295626	0.296096	0.315942	0.7425	0.660094	0.565258	0.696538	0.716901	0.638498	0.652582	1	0.955869	0.742723	0.638028	0.72723	0.725352	0.656808	0.638028	0.581221	0.538028	0.505634	0.533803	0.50939	0.58169	0.685915	0.702347	0.56385	0.561972	0.623005	0.646948	0.638967	0.642723	0.589781	0.590251	0.59061	0.590251	0.589311	0.590141	0.676995	0.686385	0.474656	0.477006	0.588263	0.620188
0.703286	0.703286	0.703286	0.703756	0.300795	0.301264	0.301734	0.321579	0.7425	0.655399	0.565258	0.697009	0.711268	0.643192	0.662911	0.955869	1	0.742723	0.631455	0.730986	0.732864	0.661502	0.643662	0.584038	0.540845	0.508451	0.539437	0.511268	0.582629	0.684977	0.703286	0.566667	0.566667	0.619249	0.646948	0.634272	0.640845	0.584142	0.584612	0.584038	0.584612	0.583672	0.584507	0.679812	0.690141	0.472777	0.476066	0.592958	0.626761
0.626291	0.626291	0.626291	0.626761	0.378327	0.378797	0.378327	0.39769	0.796537	0.719249	0.629108	0.749314	0.756338	0.661972	0.633803	0.742723	0.742723	1	0.76385	0.76385	0.761972	0.680282	0.674648	0.591549	0.548357	0.48216	0.514085	0.504695	0.592958	0.747887	0.743662	0.539437	0.540376	0.633333	0.661972	0.613615	0.61831	0.566756	0.567226	0.567136	0.567226	0.566286	0.566667	0.748357	0.744601	0.484524	0.507549	0.638967	0.688732
0.638028	0.638028	0.638028	0.637559	0.36658	0.36705	0.36658	0.382186	0.56911	0.605164	0.5723	0.60041	0.61784	0.565728	0.5723	0.638028	0.631455	0.76385	1	0.550235	0.547418	0.552113	0.55493	0.505634	0.486854	0.457277	0.466667	0.464789	0.51831	0.564319	0.552582	0.548357	0.54554	0.647887	0.61831	0.569953	0.571831	0.50426	0.50473	0.503756	0.50473	0.50379	0.504225	0.555399	0.56385	0.516007	0.499561	0.656338	0.646948
0.504695	0.504695	0.504695	0.505164	0.500031	0.5005	0.50097	0.519844	0.947372	0.67277	0.510329	0.825179	0.81784	0.761033	0.739437	0.72723	0.730986	0.76385	0.550235	1	0.977465	0.787793	0.783099	0.658685	0.601408	0.53615	0.586854	0.555869	0.676056	0.895775	0.898122	0.512676	0.510798	0.520188	0.603286	0.618779	0.60939	0.508959	0.508489	0.50939	0.509428	0.508489	0.50892	0.887793	0.873709	0.54608	0.595419	0.658216	0.777465
0.50939	0.50939	0.50939	0.509859	0.495332	0.495801	0.496271	0.515145	0.938444	0.67277	0.512207	0.815284	0.812207	0.757277	0.741315	0.725352	0.732864	0.761972	0.547418	0.977465	1	0.784038	0.783099	0.666197	0.607042	0.543662	0.594366	0.56338	0.683568	0.880751	0.880282	0.513615	0.516432	0.525822	0.598592	0.6	0.606573	0.494862	0.495332	0.495305	0.495332	0.494392	0.494836	0.869014	0.867136	0.537622	0.598239	0.662911	0.78216
0.594836	0.594836	0.594836	0.594366	0.409341	0.40981	0.41028	0.426819	0.821912	0.584507	0.440845	0.706433	0.688263	0.674648	0.665258	0.656808	0.661502	0.680282	0.552113	0.787793	0.784038	1	0.90892	0.807042	0.762911	0.710798	0.735211	0.7277	0.823474	0.775587	0.811737	0.577465	0.578404	0.54554	0.624883	0.689202	0.697653	0.399473	0.399943	0.400469	0.399943	0.399003	0.4	0.783568	0.797653	0.652747	0.699266	0.601878	0.675117
0.619249	0.619249	0.619249	0.618779	0.384906	0.385376	0.385846	0.404268	0.820972	0.573239	0.430516	0.693239	0.675117	0.669014	0.649296	0.638028	0.643662	0.674648	0.55493	0.783099	0.783099	0.90892	1	0.855869	0.793897	0.725822	0.779343	0.749296	0.8723	0.778404	0.820188	0.611268	0.613146	0.573709	0.641784	0.703286	0.712676	0.396653	0.397123	0.397653	0.397123	0.396184	0.397183	0.785446	0.800469	0.658386	0.717123	0.598122	0.683568
0.628169	0.628169	0.628169	0.6277	0.375978	0.376448	0.376918	0.393462	0.687993	0.483568	0.399061	0.574022	0.559155	0.577465	0.569953	0.581221	0.584038	0.591549	0.505634	0.658685	0.666197	0.807042	0.855869	1	0.89108	0.840845	0.835211	0.868075	0.883099	0.637089	0.679812	0.615493	0.616432	0.566667	0.631925	0.688732	0.698122	0.355772	0.356242	0.356808	0.356242	0.355303	0.356338	0.656338	0.6723	0.701146	0.72887	0.540376	0.579812
0.646009	0.646009	0.646009	0.64554	0.357652	0.358122	0.358592	0.370911	0.621268	0.455399	0.396244	0.519832	0.504695	0.532394	0.529577	0.538028	0.540845	0.548357	0.486854	0.601408	0.607042	0.762911	0.793897	0.89108	1	0.89061	0.848357	0.896244	0.873709	0.575117	0.615962	0.624883	0.625822	0.576995	0.637559	0.691549	0.700939	0.345905	0.346375	0.347418	0.346375	0.345435	0.346948	0.601878	0.61784	0.719472	0.723701	0.520657	0.550704
0.676526	0.676526	0.676526	0.676056	0.327109	0.327579	0.328049	0.340372	0.555954	0.40892	0.398592	0.458103	0.441315	0.495305	0.500939	0.505634	0.508451	0.48216	0.457277	0.53615	0.543662	0.710798	0.725822	0.840845	0.89061	1	0.890141	0.9277	0.832864	0.510798	0.548826	0.646948	0.648826	0.608451	0.666197	0.700469	0.710798	0.355772	0.356242	0.357277	0.356242	0.355303	0.356808	0.548826	0.564789	0.695507	0.689399	0.480751	0.501408
0.675587	0.675587	0.675587	0.675117	0.328518	0.328988	0.329458	0.34695	0.61516	0.459624	0.435211	0.508994	0.495775	0.531925	0.540376	0.533803	0.539437	0.514085	0.466667	0.586854	0.594366	0.735211	0.779343	0.835211	0.848357	0.890141	1	0.876056	0.816901	0.567136	0.607981	0.650704	0.651643	0.60939	0.667136	0.707042	0.716432	0.391954	0.391485	0.392019	0.392424	0.391485	0.392488	0.599531	0.615493	0.651807	0.658855	0.496714	0.538967
0.665258	0.665258	0.665258	0.664789	0.338856	0.339326	0.339796	0.353527	0.580388	0.423944	0.400469	0.478365	0.467606	0.512207	0.510329	0.50939	0.511268	0.504695	0.464789	0.555869	0.56338	0.7277	0.749296	0.868075	0.896244	0.9277	0.876056	1	0.84507	0.531455	0.573239	0.644131	0.64507	0.597183	0.656808	0.706103	0.715493	0.36564	0.36611	0.366667	0.36611	0.36517	0.366197	0.565728	0.58169	0.698797	0.703965	0.504225	0.5277
0.641784	0.641784	0.641784	0.641315	0.362351	0.362821	0.363291	0.378898	0.705379	0.491549	0.403286	0.591928	0.578404	0.592019	0.583568	0.58169	0.582629	0.592958	0.51831	0.676056	0.683568	0.823474	0.8723	0.883099	0.873709	0.832864	0.816901	0.84507	1	0.658216	0.698122	0.625352	0.626291	0.584038	0.649296	0.710798	0.720188	0.377858	0.378327	0.378873	0.378327	0.377388	0.378404	0.675587	0.691549	0.690338	0.718062	0.549296	0.604695
0.453052	0.453052	0.453052	0.453521	0.551249	0.550779	0.552189	0.566356	0.927167	0.653052	0.499061	0.806802	0.783099	0.738498	0.704695	0.685915	0.684977	0.747887	0.564319	0.895775	0.880751	0.775587	0.778404	0.637089	0.575117	0.510798	0.567136	0.531455	0.658216	1	0.942254	0.489202	0.487324	0.476995	0.565728	0.599061	0.59061	0.515067	0.515537	0.515962	0.515537	0.515537	0.515493	0.87277	0.856808	0.578503	0.643819	0.631925	0.74554
0.501408	0.501408	0.501408	0.501878	0.50285	0.50238	0.50379	0.519374	0.928107	0.634742	0.469484	0.803032	0.779812	0.733333	0.701408	0.702347	0.703286	0.743662	0.552582	0.898122	0.880282	0.811737	0.820188	0.679812	0.615962	0.548826	0.607981	0.573239	0.698122	0.942254	1	0.52723	0.525352	0.493427	0.593427	0.64554	0.637089	0.519296	0.519766	0.520188	0.519766	0.519766	0.519718	0.868545	0.867606	0.586491	0.651807	0.620188	0.73662
0.775117	0.775117	0.775117	0.774648	0.22937	0.22984	0.23031	0.245469	0.517422	0.494366	0.528169	0.471297	0.461972	0.428638	0.425822	0.56385	0.566667	0.539437	0.548357	0.512676	0.513615	0.577465	0.611268	0.615493	0.624883	0.646948	0.650704	0.644131	0.625352	0.489202	0.52723	1	0.996244	0.723944	0.730047	0.701408	0.706103	0.554069	0.554538	0.553521	0.554538	0.553599	0.553991	0.489671	0.502817	0.513188	0.488283	0.517371	0.523005
0.776056	0.776056	0.776056	0.775587	0.228431	0.2289	0.22937	0.243589	0.513663	0.492488	0.526291	0.469412	0.461033	0.429577	0.426761	0.561972	0.566667	0.540376	0.54554	0.510798	0.516432	0.578404	0.613146	0.616432	0.625822	0.648826	0.651643	0.64507	0.626291	0.487324	0.525352	0.996244	1	0.722066	0.728169	0.698592	0.707981	0.552189	0.552659	0.551643	0.552659	0.551719	0.552113	0.487793	0.502817	0.512248	0.492042	0.51831	0.523944
0.868075	0.868075	0.868075	0.867606	0.136331	0.135861	0.137271	0.154323	0.514603	0.54507	0.569484	0.487318	0.50892	0.416432	0.432394	0.623005	0.619249	0.633333	0.647887	0.520188	0.525822	0.54554	0.573709	0.566667	0.576995	0.608451	0.60939	0.597183	0.584038	0.476995	0.493427	0.723944	0.722066	1	0.899061	0.721127	0.723005	0.610456	0.610926	0.610798	0.610926	0.610926	0.610329	0.489671	0.486854	0.476536	0.426257	0.499531	0.523944
0.847887	0.847887	0.847887	0.848357	0.156067	0.156536	0.157006	0.176405	0.61469	0.535211	0.530516	0.538209	0.539437	0.487324	0.492019	0.646948	0.646948	0.661972	0.61831	0.603286	0.598592	0.624883	0.641784	0.631925	0.637559	0.666197	0.667136	0.656808	0.649296	0.565728	0.593427	0.730047	0.728169	0.899061	1	0.819249	0.822066	0.570045	0.569575	0.570892	0.570515	0.569575	0.570423	0.58216	0.578404	0.542321	0.512718	0.534742	0.569484
0.812676	0.812676	0.812676	0.813146	0.190839	0.192249	0.191779	0.210702	0.624088	0.50939	0.498122	0.541037	0.519249	0.530047	0.532864	0.638967	0.634272	0.613615	0.569953	0.618779	0.6	0.689202	0.703286	0.688732	0.691549	0.700469	0.707042	0.706103	0.710798	0.599061	0.64554	0.701408	0.698592	0.721127	0.819249	1	0.989671	0.505199	0.50473	0.505634	0.505669	0.50473	0.505164	0.605164	0.607042	0.604347	0.581323	0.560563	0.571831
0.821127	0.821127	0.821127	0.821596	0.181911	0.183321	0.182851	0.202245	0.616099	0.511268	0.5	0.538209	0.522066	0.534742	0.542254	0.642723	0.640845	0.61831	0.571831	0.60939	0.606573	0.697653	0.712676	0.698122	0.700939	0.710798	0.716432	0.715493	0.720188	0.59061	0.637089	0.706103	0.707981	0.723005	0.822066	0.989671	1	0.496271	0.496741	0.497183	0.496741	0.495801	0.496714	0.596714	0.610798	0.606697	0.59119	0.569014	0.580282
0.587431	0.587431	0.587431	0.586961	0.416859	0.417329	0.417799	0.430547	0.513706	0.642879	0.686109	0.517522	0.542791	0.556888	0.551249	0.589781	0.584142	0.566756	0.50426	0.508959	0.494862	0.399473	0.396653	0.355772	0.345905	0.355772	0.391954	0.36564	0.377858	0.515067	0.519296	0.554069	0.552189	0.610456	0.570045	0.505199	0.496271	1	0.99859	0.99906	0.99953	0.99953	0.99953	0.523995	0.521646	0.268372	0.267902	0.470427	0.45539
0.587901	0.587901	0.587901	0.587431	0.416389	0.416859	0.417329	0.430077	0.514176	0.643349	0.686579	0.517994	0.542321	0.557358	0.550779	0.590251	0.584612	0.567226	0.50473	0.508489	0.495332	0.399943	0.397123	0.356242	0.346375	0.356242	0.391485	0.36611	0.378327	0.515537	0.519766	0.554538	0.552659	0.610926	0.569575	0.50473	0.496741	0.99859	1	0.99859	0.99812	0.99906	0.99812	0.523525	0.522116	0.266962	0.267432	0.470897	0.45586
0.587793	0.587793	0.587793	0.587324	0.415919	0.416389	0.416859	0.430108	0.514133	0.643192	0.686385	0.517005	0.543192	0.557746	0.551174	0.59061	0.584038	0.567136	0.503756	0.50939	0.495305	0.400469	0.397653	0.356808	0.347418	0.357277	0.392019	0.366667	0.378873	0.515962	0.520188	0.553521	0.551643	0.610798	0.570892	0.505634	0.497183	0.99906	0.99859	1	0.99859	0.99859	0.998592	0.524883	0.522066	0.268372	0.267902	0.470892	0.455869
0.587901	0.587901	0.587901	0.587431	0.416389	0.416859	0.417329	0.431018	0.514176	0.642409	0.68564	0.51705	0.542321	0.557358	0.551719	0.590251	0.584612	0.567226	0.50473	0.509428	0.495332	0.399943	0.397123	0.356242	0.346375	0.356242	0.392424	0.36611	0.378327	0.515537	0.519766	0.554538	0.552659	0.610926	0.570515	0.505669	0.496741	0.99953	0.99812	0.99859	1	0.99906	1	0.524465	0.522116	0.268842	0.268372	0.470897	0.45586
0.586961	0.586961	0.586961	0.586491	0.417329	0.417799	0.418269	0.431018	0.513236	0.643349	0.686579	0.517994	0.542321	0.556418	0.550779	0.589311	0.583672	0.566286	0.50379	0.508489	0.494392	0.399003	0.396184	0.355303	0.345435	0.355303	0.391485	0.36517	0.377388	0.515537	0.519766	0.553599	0.551719	0.610926	0.569575	0.50473	0.495801	0.99953	0.99906	0.99859	0.99906	1	0.99906	0.523525	0.521176	0.267902	0.267432	0.469957	0.454921
0.587324	0.587324	0.587324	0.586854	0.416389	0.416859	0.417329	0.431517	0.513663	0.641784	0.684977	0.516534	0.541784	0.557277	0.551643	0.590141	0.584507	0.566667	0.504225	0.50892	0.494836	0.4	0.397183	0.356338	0.346948	0.356808	0.392488	0.366197	0.378404	0.515493	0.519718	0.553991	0.552113	0.610329	0.570423	0.505164	0.496714	0.99953	0.99812	0.998592	1	0.99906	1	0.524413	0.521596	0.268842	0.268372	0.470423	0.455399
0.469484	0.469484	0.469484	0.469953	0.534803	0.535273	0.535743	0.552261	0.91213	0.65446	0.498592	0.784655	0.773239	0.735211	0.707042	0.676995	0.679812	0.748357	0.555399	0.887793	0.869014	0.783568	0.785446	0.656338	0.601878	0.548826	0.599531	0.565728	0.675587	0.87277	0.868545	0.489671	0.487793	0.489671	0.58216	0.605164	0.596714	0.523995	0.523525	0.524883	0.524465	0.523525	0.524413	1	0.983099	0.562997	0.620794	0.64554	0.74507
0.485446	0.485446	0.485446	0.485915	0.519296	0.519766	0.520236	0.536287	0.901323	0.649765	0.493897	0.777587	0.774178	0.732394	0.709859	0.686385	0.690141	0.744601	0.56385	0.873709	0.867136	0.797653	0.800469	0.6723	0.61784	0.564789	0.615493	0.58169	0.691549	0.856808	0.867606	0.502817	0.502817	0.486854	0.578404	0.607042	0.610798	0.521646	0.522116	0.522066	0.522116	0.521176	0.521596	0.983099	1	0.558768	0.628782	0.655869	0.755399
0.509898	0.509898	0.509898	0.509428	0.494392	0.493922	0.494392	0.49732	0.556504	0.388665	0.302204	0.541104	0.519766	0.489693	0.50097	0.474656	0.472777	0.484524	0.516007	0.54608	0.537622	0.652747	0.658386	0.701146	0.719472	0.695507	0.651807	0.698797	0.690338	0.578503	0.586491	0.513188	0.512248	0.476536	0.542321	0.604347	0.606697	0.268372	0.266962	0.268372	0.268842	0.267902	0.268842	0.562997	0.558768	1	0.904611	0.562057	0.580853
0.465258	0.465258	0.465258	0.464788	0.539032	0.539502	0.539032	0.547635	0.630341	0.41075	0.282939	0.595813	0.567226	0.54843	0.542791	0.477006	0.476066	0.507549	0.499561	0.595419	0.598239	0.699266	0.717123	0.72887	0.723701	0.689399	0.658855	0.703965	0.718062	0.643819	0.651807	0.488283	0.492042	0.426257	0.512718	0.581323	0.59119	0.267902	0.267432	0.267902	0.268372	0.267432	0.268372	0.620794	0.628782	0.904611	1	0.582262	0.620794
0.530047	0.530047	0.530047	0.529577	0.474656	0.475126	0.475596	0.491185	0.661209	0.566667	0.508451	0.639992	0.631925	0.647418	0.650235	0.588263	0.592958	0.638967	0.656338	0.658216	0.662911	0.601878	0.598122	0.540376	0.520657	0.480751	0.496714	0.504225	0.549296	0.631925	0.620188	0.517371	0.51831	0.499531	0.534742	0.560563	0.569014	0.470427	0.470897	0.470892	0.470897	0.469957	0.470423	0.64554	0.655869	0.562057	0.582262	1	0.874178
0.530047	0.530047	0.530047	0.530516	0.473716	0.475126	0.474656	0.492594	0.78526	0.599531	0.495305	0.749314	0.738028	0.687793	0.683099	0.620188	0.626761	0.688732	0.646948	0.777465	0.78216	0.675117	0.683568	0.579812	0.550704	0.501408	0.538967	0.5277	0.604695	0.74554	0.73662	0.523005	0.523944	0.523944	0.569484	0.571831	0.580282	0.45539	0.45586	0.455869	0.45586	0.454921	0.455399	0.74507	0.755399	0.580853	0.620794	0.874178	1
